81.79016359895468
70.16011640802026
68.35376643761992
66.93416839838028
65.88652953878045
65.02426686137915
64.24631798267365
63.56542405858636
62.96228761598468
62.42361130937934
61.93880580365658
61.49625660479069
61.05615755170584
60.64288808777928
60.497439708560705
60.20622878521681
59.92012441158295
59.6079726703465
59.32623049616814
59.394332963973284
59.22086742520332
59.03030073270202
58.874197605997324
58.640045281499624
58.55432041734457
58.44458095729351
58.37114632502198
57.4943524338305
57.33285599574447
56.662707176059484
56.38334131985903
55.99780873209238
55.92025912553072
55.534565603360534
55.23914614133537
54.90119539014995
54.91682765632868
54.71068481169641
54.86035645753145
54.919907964766026
54.837545773014426
54.34726567752659
54.43372654169798
54.33623932860792
54.31527042016387
53.93016138486564
54.089063595980406
53.91313464939594
53.562675619497895
53.7174620218575
