106.11232699081302
58.77224286273122
58.103491704910994
57.038777120411396
56.33888925425708
55.676508482545614
55.1567715741694
54.66387112252414
54.17283272743225
53.70386550016701
53.22038879990578
52.782128097489476
52.35378235206008
51.931187991052866
51.45864048227668
51.07709186896682
50.604538632556796
50.11294269375503
49.655217410996556
49.19243575632572
48.74117288924754
48.29900920949876
47.85467895492911
47.41852722503245
46.96005937643349
46.50959348492324
46.031799372285604
45.57715500332415
45.10306300967932
44.67066643573344
44.21964904293418
43.801746701821685
43.3724271338433
42.9459318742156
42.52146275900304
42.10193965770304
41.68841443024576
41.28199565783143
40.88403392583132
40.495670069009066
40.1173673402518
39.748759591951966
39.38886595144868
39.03656557202339
38.69101268611848
38.35184296965599
38.01913954690099
37.69348796084523
37.37565709836781
37.06167171522975
